
Graph 1, order 12.
000000111000
000000111000
000000101001
000000010110
000000000111
000000000111
111000000000
110100000000
111000000000
000111000000
000111000000
001011000000

Graph 2, order 12.
000000111000
000000111000
000000100110
000000010101
000000001011
000000000111
111000000000
110100000000
110010000000
001101000000
001011000000
000111000000

Graph 3, order 12.
000000111000
000000110100
000000101010
000000010101
000000001011
000000000111
111000000000
110100000000
101010000000
010101000000
001011000000
000111000000

Graph 4, order 12.
000000111000
000000110100
000000100110
000000010011
000000001101
000000001011
111000000000
110100000000
100011000000
011010000000
001101000000
000111000000

Graph 5, order 12.
000000111000
000000110100
000000100011
000000010011
000000001110
000000001101
111000000000
110100000000
100011000000
010011000000
001110000000
001101000000

Graph 6, order 12.
000001110000
000000111000
000000011100
000000001110
000000000111
100000000011
110000000001
111000000000
011100000000
001110000000
000111000000
000011100000

Graph 7, order 12.
000001100010
000000111000
000000011100
000000010011
000000001011
100000000101
110000000100
011100000000
011010000000
001001100000
100110000000
000111000000

Graph 8, order 12.
000001110000
000000111000
000000001110
000000000111
000000000111
100000010001
110000001000
110001000000
011000100000
001110000000
001110000000
000111000000

Graph 9, order 12.
000001110000
000000111000
000000001011
000000000111
000000000111
100000001100
110000010000
110000100000
011001000000
000111000000
001110000000
001110000000

Graph 10, order 12.
000001110000
000000101100
000000010110
000000001011
000000001011
100000000101
110000010000
101000100000
010110000000
011001000000
001110000000
000111000000

Graph 11, order 12.
000001010100
000000111000
000000111000
000000000111
000000000111
100000001001
011000000010
111000000000
011001000000
100110000000
000110100000
000111000000

Graph 12, order 12.
000001011000
000000111000
000000101100
000000010011
000000000111
100000000101
011000000010
110100000000
111000000000
001011000000
000110100000
000111000000

Graph 13, order 12.
000001011000
000000110001
000000101010
000000010110
000000001101
100000000011
011000000100
110100000000
101010000000
000110100000
001101000000
010011000000

Graph 14, order 12.
000001010100
000000111000
000000100011
000000010110
000000001101
100000001010
011000000001
110100000000
010011000000
100110000000
001101000000
001010100000

Graph 15, order 12.
000001010100
000000111000
000000100011
000000010101
000000001110
100000001010
011000000001
110100000000
010011000000
100110000000
001011000000
001100100000

Graph 16, order 12.
000001001100
000000111000
000000111000
000000010101
000000000111
100000000011
011000000010
011100000000
111000000000
100110000000
000011100000
000111000000

Graph 17, order 12.
000001001001
000000111000
000000111000
000000010110
000000000111
100000000011
011000000100
011100000000
111000000000
000110100000
000111000000
100011000000

Graph 18, order 12.
000001000101
000000111000
000000111000
000000010110
000000001011
100000000011
011000000100
011100000000
011010000000
100100100000
000111000000
100011000000

Graph 19, order 12.
000001000011
000000111000
000000111000
000000010110
000000001101
100000000011
011000000100
011100000000
011010000000
000110100000
100101000000
100011000000

Graph 20, order 12.
000001011000
000000100110
000000100011
000000011100
000000011100
100000000011
011000000001
100110000000
100110000000
010110000000
011001000000
001001100000

Graph 21, order 12.
000001001100
000000111000
000000100011
000000011001
000000010110
100000000110
011000000001
010110000000
110100000000
100011000000
001011000000
001100100000

Graph 22, order 12.
000001000101
000000111000
000000101100
000000011100
000000010011
100000000011
011000000010
010110000000
011100000000
101100000000
000011100000
100011000000

Graph 23, order 12.
000001000011
000000111000
000000101100
000000011100
000000010110
100000000011
011000000001
010110000000
011100000000
001110000000
100011000000
100001100000

Graph 24, order 12.
000001000101
000000111000
000000101010
000000011100
000000010011
100000000011
011000000100
010110000000
011100000000
100100100000
001011000000
100011000000

Graph 25, order 12.
000001001100
000000111000
000000100011
000000010110
000000010101
100000001010
011000000001
010110000000
110001000000
100110000000
001101000000
001010100000

Graph 26, order 12.
000001011000
000000100110
000000100011
000000011010
000000001101
100000010100
011000000001
100101000000
100110000000
010011000000
011100000000
001010100000

Graph 27, order 12.
000001011000
000000100011
000000100011
000000011100
000000001110
100000010100
011000000001
100101000000
100110000000
000111000000
011010000000
011000100000

Graph 28, order 12.
000001011000
000000100101
000000100011
000000010110
000000001110
100000011000
011000000001
100101000000
100011000000
010110000000
001110000000
011000100000

Graph 29, order 12.
000001010001
000000111000
000000101100
000000001110
000000000111
100000000011
011000010000
110000100000
011100000000
001110000000
000111000000
100011000000

Graph 30, order 12.
000001010001
000000111000
000000100101
000000001110
000000001110
100000000011
011000010000
110000100000
010110000000
001110000000
000111000000
101001000000

Graph 31, order 12.
000001011000
000000110100
000000100011
000000001101
000000000111
100000001010
011000010000
110000100000
100101000000
010110000000
001011000000
001110000000

Graph 32, order 12.
000001001100
000000111000
000000111000
000000000111
000000000111
100000000011
011000010000
011000100000
111000000000
100110000000
000111000000
000111000000

Graph 33, order 12.
000001001100
000000111000
000000110010
000000001101
000000000111
100000000011
011000010000
011000100000
110100000000
100110000000
001011000000
000111000000

Graph 34, order 12.
000001001100
000000111000
000000110010
000000001011
000000000111
100000000101
011000010000
011000100000
110100000000
100011000000
001110000000
000111000000

Graph 35, order 12.
000001001100
000000111000
000000110010
000000000111
000000000111
100000001001
011000010000
011000100000
110001000000
100110000000
001110000000
000111000000

Graph 36, order 12.
000001011000
000000101100
000000100101
000000011010
000000000111
100000000011
011000010000
100100100000
110100000000
011010000000
000111000000
001011000000

Graph 37, order 12.
000001011000
000000101100
000000100011
000000011010
000000000111
100000000101
011000010000
100100100000
110100000000
010011000000
001110000000
001011000000

Graph 38, order 12.
000001011000
000000101100
000000100011
000000010110
000000001011
100000000101
011000010000
100100100000
110010000000
010101000000
001110000000
001011000000

Graph 39, order 12.
000001011000
000000100101
000000100011
000000011100
000000001110
100000000011
011000010000
100100100000
100110000000
010110000000
001011000000
011001000000

Graph 40, order 12.
000001010001
000000101100
000000100011
000000011100
000000001011
100000000110
011000010000
100100100000
010110000000
010101000000
001011000000
101010000000

Graph 41, order 12.
000001011000
000000101100
000000100101
000000010011
000000000111
100000001010
011000010000
100100100000
110001000000
011010000000
000111000000
001110000000

Graph 42, order 12.
000001011000
000000101100
000000100011
000000010101
000000000111
100000001010
011000010000
100100100000
110001000000
010110000000
001011000000
001110000000

Graph 43, order 12.
000001000101
000000111000
000000101100
000000011010
000000000111
100000000011
011000010000
010100100000
011100000000
101010000000
000111000000
100011000000

Graph 44, order 12.
000001000101
000000111000
000000101100
000000010011
000000001110
100000000011
011000010000
010100100000
011010000000
101010000000
000111000000
100101000000

Graph 45, order 12.
000001001100
000000111000
000000100101
000000010011
000000000111
100000001010
011000010000
010100100000
110001000000
101010000000
000111000000
001110000000

Graph 46, order 12.
000001001010
000000101100
000000100011
000000011100
000000010011
100000000101
011000010000
000110100000
110100000000
010101000000
101010000000
001011000000

Graph 47, order 12.
000001000101
000000101100
000000101010
000000011100
000000010011
100000000011
011000010000
000110100000
011100000000
110100000000
001011000000
100011000000

Graph 48, order 12.
000001011000
000000101100
000000101001
000000000111
000000000111
100000010010
011000010000
100001100000
111000000000
010110000000
000111000000
001110000000

Graph 49, order 12.
000001011000
000000101100
000000100101
000000001011
000000000111
100000010010
011000010000
100001100000
110100000000
011010000000
000111000000
001110000000

Graph 50, order 12.
000001101000
000001000011
000000101100
000000010110
000000010011
110000001000
101000000100
000110000001
101001000000
001100100000
010110000000
010010010000

Graph 51, order 12.
000001100100
000001001001
000000101100
000000010110
000000010011
110000001000
101000000010
000110000001
011001000000
101100000000
000110100000
010010010000

Graph 52, order 12.
000001100100
000001001100
000000100110
000000011001
000000010011
110000001000
101000000010
000110000001
010101000000
111000000000
001010100000
000110010000

Graph 53, order 12.
000010010100
000001011000
000000111000
000000000111
100000001010
010000000101
001000000011
111000000000
011010000000
100101000000
000110100000
000101100000

Graph 54, order 12.
000010011000
000001011000
000000101100
000000010110
100000000101
010000000011
001000000011
110100000000
111000000000
001110000000
000101100000
000011100000

Graph 55, order 12.
000010011000
000001011000
000000101100
000000010011
100000000110
010000000101
001000000011
110100000000
111000000000
001011000000
000110100000
000101100000

Graph 56, order 12.
000010011000
000001011000
000000101001
000000010101
100000000110
010000000110
001000000011
110100000000
111000000000
000111000000
000011100000
001100100000

Graph 57, order 12.
000010010100
000001011000
000000101100
000000010011
100000001010
010000000101
001000000011
110100000000
011010000000
101001000000
000110100000
000101100000

Graph 58, order 12.
000010010010
000001011000
000000101001
000000010110
100000001100
010000000101
001000000011
110100000000
011010000000
000111000000
100100100000
001001100000

Graph 59, order 12.
000010010010
000001011000
000000101001
000000010101
100000001100
010000000110
001000000011
110100000000
011010000000
000111000000
100001100000
001100100000

Graph 60, order 12.
000010010010
000001011000
000000101001
000000010101
100000001100
010000000011
001000000110
110100000000
011010000000
000110100000
100001100000
001101000000

Graph 61, order 12.
000010010100
000001011000
000000100101
000000011010
100000001001
010000000110
001000000011
110100000000
010110000000
101001000000
000101100000
001010100000

Graph 62, order 12.
000010011000
000001010100
000000100101
000000010011
100000001100
010000001010
001000000011
110100000000
100011000000
011010000000
000101100000
001100100000

Graph 63, order 12.
000010011000
000001010100
000000100101
000000010011
100000001010
010000001100
001000000011
110100000000
100011000000
011001000000
000110100000
001100100000

Graph 64, order 12.
000010011000
000001011000
000000100101
000000001110
100000010100
010000000011
001000000011
110010000000
110100000000
001110000000
000101100000
001001100000

Graph 65, order 12.
000010011000
000001010010
000000101100
000000000111
100000011000
010000000101
001000000011
110010000000
101010000000
001101000000
010100100000
000101100000

Graph 66, order 12.
000010011000
000001010100
000000100101
000000000111
100000011000
010000001010
001000000011
110010000000
100011000000
011100000000
000101100000
001100100000

Graph 67, order 12.
000010011000
000001001100
000000101001
000000010101
100000010010
010000000110
001000000011
100110000000
111000000000
010101000000
000011100000
001100100000

Graph 68, order 12.
000010011000
000001001100
000000100101
000000010011
100000011000
010000000110
001000000011
100110000000
110010000000
011001000000
000101100000
001100100000

Graph 69, order 12.
000010011000
000001001100
000000100011
000000010101
100000011000
010000000110
001000000011
100110000000
110010000000
010101000000
001001100000
001100100000

Graph 70, order 12.
000010011000
000001000110
000000100101
000000011100
100000011000
010000000011
001000000011
100110000000
100110000000
011100000000
010001100000
001001100000

Graph 71, order 12.
000010011000
000001001100
000000100101
000000010011
100000010100
010000001010
001000000011
100110000000
110001000000
011010000000
000101100000
001100100000

Graph 72, order 12.
000010101000
000001010001
000000101100
000000010110
100000001001
010000000011
101000000100
010100000010
101010000000
001100100000
000101010000
010011000000

Graph 73, order 12.
000010100001
000001001001
000000111000
000000010110
100000001100
010000000011
101000000100
001100000010
011010000000
000110100000
000101010000
110001000000

Graph 74, order 12.
000010100001
000001001100
000000111000
000000010110
100000000011
010000001010
101000000100
001100000001
011001000000
010100100000
000111000000
100010010000

Graph 75, order 12.
000010101000
000001001010
000000110100
000000010011
100000000101
010000000110
101000001000
001100000001
110000100000
001011000000
010101000000
000110010000

Graph 76, order 12.
000010100100
000001001001
000000111000
000000010110
100000000101
010000000011
101000001000
001100000010
011000100000
100110000000
000101010000
010011000000

Graph 77, order 12.
000010101000
000001000101
000000110100
000000011010
100000000110
010000000011
101000001000
001100000001
100100100000
011010000000
000111000000
010001010000

Graph 78, order 12.
000010001100
000001000101
000000111000
000000110001
100000001010
010000000011
001100000100
001100000010
101010000000
110000100000
000011010000
010101000000

Graph 79, order 12.
000010101000
000001010001
000000010110
000000001110
100000101000
010000000011
100010000100
011000000001
100110000000
001100100000
001101000000
010001010000

Graph 80, order 12.
000010101000
000001001100
000000010011
000000010011
100000101000
010000000110
100010000100
001100000001
110010000000
010001100000
001101000000
001100010000

Graph 81, order 12.
000010101000
000001001010
000000010110
000000010011
100000101000
010000000101
100010000100
001100000001
110010000000
001001100000
011100000000
000101010000

Graph 82, order 12.
000010101000
000001000101
000000011100
000000010110
100000101000
010000000011
100010000010
001100000001
101010000000
011100000000
000101100000
010001010000

Graph 83, order 12.
000010101000
000001000110
000000011100
000000010011
100000101000
010000000101
100010000010
001100000001
101010000000
011001000000
010100100000
000101010000

Graph 84, order 12.
000010101000
000001000110
000000011100
000000010011
100000101000
010000000011
100010000100
001100000001
101010000000
011000100000
010101000000
000101010000

Graph 85, order 12.
000010101000
000001000110
000000011001
000000010011
100000101000
010000000110
100010000100
001100000001
101010000000
010001100000
010101000000
001100010000
